#1										
double z_xy(59,11)										
0	-60	-40	-20	-10	0	0.001	10	20	40	60
-20	0	0	0	0	0	0	0	0	0	0
0	0	0	0	0	0	0	0	0	0	0
100	0	0	0	0	0	0	0	0	0	0
100.2	0	0	0	0	0	0	0	0	0	0
100.4	0	0	0	0	0	0	0	0	0	0
100.6	0	0	0	0	0	0	0	0	0	0
100.8	0	0	0	0	0	0	0	0	0	0
101	0	0	0	0	0	0	0	0	0	0
101.2	0	0	0	0	0	0	0	0	0	0
101.4	0	0	0	0	0	0	0	0	0	0
101.6	0	0	0	0	0	0	0	0	0	0
101.8	0	0	0	0	0	0	0	0	0	0
102	0	0	0	0	0	0	0	0	0	0
102.2	0	0	0	0	0	0	0	0	0	0
102.4	0	0	0	0	0	0	0	0	0	0
102.6	0	0	0	0	0	0	0	0	0	0
102.8	0	0	0	0	0	0	0	0	0	0
103	0	0	0	0	0	0	0	0	0	0
103.2	0	0	0	0	0	0	0	0	0	0
103.4	0	0	0	0	0	0	0	0	0	0
103.6	0	0	0	0	0	0	0	0	0	0
103.8	0	0	0	0	0	0	0	0	0	0
104	0	0	0	0	0	0	0	0	0	0
104.2	0	0	0	0	0	0	0	0	0	0
104.4	0	0	0	0	0	0	0	0	0	0
104.6	0	0	0	0	0	0	0	0	0	0
104.8	0	0	0	0	0	0	0	0	0	0
105	0	0	0	0	0	0	0	0	0	0
110	0	0	0	0	0	0	0	0	0	0
110.2	0	0	0	0	0	0	0	0	0	0
110.4	0	0	0	0	0	0	0	0	0	0
110.6	0	0	0	0	0	0	0	0	0	0
110.8	0	0	0	0	0	0	0	0	0	0
111	0	0	0	0	0	0	0	0	0	0
111.2	0	0	0	0	0	0	0	0	0	0
111.4	0	0	0	0	0	0	0	0	0	0
111.6	0	0	0	0	0	0	0	0	0	0
111.8	0	0	0	0	0	0	0	0	0	0
112	0	0	0	0	0	0	0	0	0	0
112.2	0	0	0	0	0	0	0	0	0	0
112.4	0	0	0	0	0	0	0	0	0	0
112.6	0	0	0	0	0	0	0	0	0	0
112.8	0	0	0	0	0	0	0	0	0	0
113	0	0	0	0	0	0	0	0	0	0
113.2	0	0	0	0	0	0	0	0	0	0
113.4	0	0	0	0	0	0	0	0	0	0
113.6	0	0	0	0	0	0	0	0	0	0
113.8	0	0	0	0	0	0	0	0	0	0
114	0	0	0	0	0	0	0	0	0	0
114.2	0	0	0	0	0	0	0	0	0	0
114.4	0	0	0	0	0	0	0	0	0	0
114.6	0	0	0	0	0	0	0	0	0	0
114.8	0	0	0	0	0	0	0	0	0	0
115	0	0	0	0	0	0	0	0	0	0
119.8	0	0	0	0	0	0	0	0	0	0
120	0	0	0	0	0	0	0	0	0	0
140	0	0	0	0	0	0	0	0	0	0
150	0	0	0	0	0	0	0	0	0	0