#1														
double z_xy(71,15)														
0	-100	-80	-60	-40	-20	-10	0	0.001	10	20	40	60	80	100
-20	0	0	0	0	0	0	0	0	0	0	0	0	0	0
0	0	0	0	0	0	0	0	0	0	0	0	0	0	0
150	0	0	0	0	0	0	0	0	0	0	0	0	0	0
150.2	0	0	0	0	0	0	0	0.1	0.1	0.1	0.1	0.1	0.1	0.1
150.4	0	0	0	0	0	0	0	0.1	0.1	0.1	0.1	0.1	0.1	0.1
155.4	0	0	0	0	0	0	0	0.1	0.1	0.1	0.1	0.1	0.1	0.1
155.6	0	0	0	0	0	0	0	0.1	0.1	0.1	0.1	0.1	0.1	0.1
155.8	0	0	0	0	0	0	0	0	0	0	0	0	0	0
156	0	0	0	0	0	0	0	0	0	0	0	0	0	0
156.2	0	0	0	0	0	0	0	0	0	0	0	0	0	0
161.2	0	0	0	0	0	0	0	0	0	0	0	0	0	0
161.4	0	0	0	0	0	0	0	-0.1	-0.1	-0.1	-0.1	-0.1	-0.1	-0.1
161.6	0	0	0	0	0	0	0	-0.1	-0.1	-0.1	-0.1	-0.1	-0.1	-0.1
166.6	0	0	0	0	0	0	0	-0.1	-0.1	-0.1	-0.1	-0.1	-0.1	-0.1
166.8	0	0	0	0	0	0	0	-0.1	-0.1	-0.1	-0.1	-0.1	-0.1	-0.1
171.8	0	0	0	0	0	0	0	0	0	0	0	0	0	0
172	0	0	0	0	0	0	0	0.05	0.05	0.05	0.05	0.05	0.05	0.05
172.2	0	0	0	0	0	0	0	0.05	0.05	0.05	0.05	0.05	0.05	0.05
172.4	0	0	0	0	0	0	0	0	0	0	0	0	0	0
177.4	0.1	0.1	0.1	0.1	0.1	0.1	0.1	0	0	0	0	0	0	0
177.6	0.1	0.1	0.1	0.1	0.1	0.1	0.1	0	0	0	0	0	0	0
179.6	0.1	0.1	0.1	0.1	0.1	0.1	0.1	0	0	0	0	0	0	0
179.8	0.1	0.1	0.1	0.1	0.1	0.1	0.1	0	0	0	0	0	0	0
180	0	0	0	0	0	0	0	0	0	0	0	0	0	0
180.2	0	0	0	0	0	0	0	0	0	0	0	0	0	0
180.4	0	0	0	0	0	0	0	0	0	0	0	0	0	0
180.6	0	0	0	0	0	0	0	0	0	0	0	0	0	0
180.8	0	0	0	0	0	0	0	0	0	0	0	0	0	0
190.8	0	0	0	0	0	0	0	0	0	0	0	0	0	0
191	0	0	0	0	0	0	0	0.1	0.1	0.1	0.1	0.1	0.1	0.1
191.2	0	0	0	0	0	0	0	0.1	0.1	0.1	0.1	0.1	0.1	0.1
191.4	0	0	0	0	0	0	0	0.1	0.1	0.1	0.1	0.1	0.1	0.1
191.6	0	0	0	0	0	0	0	0.1	0.1	0.1	0.1	0.1	0.1	0.1
191.8	0	0	0	0	0	0	0	0.15	0.15	0.15	0.15	0.15	0.15	0.15
192	0	0	0	0	0	0	0	0.15	0.15	0.15	0.15	0.15	0.15	0.15
192.2	0	0	0	0	0	0	0	0.15	0.15	0.15	0.15	0.15	0.15	0.15
192.4	0	0	0	0	0	0	0	0.15	0.15	0.15	0.15	0.15	0.15	0.15
192.6	0	0	0	0	0	0	0	0.2	0.2	0.2	0.2	0.2	0.2	0.2
192.8	0	0	0	0	0	0	0	0.2	0.2	0.2	0.2	0.2	0.2	0.2
193	0	0	0	0	0	0	0	0.2	0.2	0.2	0.2	0.2	0.2	0.2
193.2	0	0	0	0	0	0	0	0.2	0.2	0.2	0.2	0.2	0.2	0.2
193.4	0	0	0	0	0	0	0	0.1	0.1	0.1	0.1	0.1	0.1	0.1
193.6	0	0	0	0	0	0	0	0.1	0.1	0.1	0.1	0.1	0.1	0.1
193.8	0	0	0	0	0	0	0	0	0	0	0	0	0	0
194	0	0	0	0	0	0	0	0	0	0	0	0	0	0
194.2	0	0	0	0	0	0	0	0	0	0	0	0	0	0
199.2	0	0	0	0	0	0	0	0	0	0	0	0	0	0
199.4	0.1	0.1	0.1	0.1	0.1	0.1	0.1	0	0	0	0	0	0	0
199.6	0.1	0.1	0.1	0.1	0.1	0.1	0.1	0	0	0	0	0	0	0
199.8	0	0	0	0	0	0	0	0	0	0	0	0	0	0
204.8	0	0	0	0	0	0	0	0	0	0	0	0	0	0
205	0	0	0	0	0	0	0	-0.05	-0.05	-0.05	-0.05	-0.05	-0.05	-0.05
205.2	0	0	0	0	0	0	0	-0.05	-0.05	-0.05	-0.05	-0.05	-0.05	-0.05
205.4	0	0	0	0	0	0	0	0	0	0	0	0	0	0
210.4	0	0	0	0	0	0	0	0	0	0	0	0	0	0
210.6	0	0	0	0	0	0	0	-0.1	-0.1	-0.1	-0.1	-0.1	-0.1	-0.1
210.8	0	0	0	0	0	0	0	-0.1	-0.1	-0.1	-0.1	-0.1	-0.1	-0.1
215.8	0	0	0	0	0	0	0	-0.1	-0.1	-0.1	-0.1	-0.1	-0.1	-0.1
216	0	0	0	0	0	0	0	-0.1	-0.1	-0.1	-0.1	-0.1	-0.1	-0.1
216.2	0	0	0	0	0	0	0	0	0	0	0	0	0	0
216.4	0	0	0	0	0	0	0	0	0	0	0	0	0	0
216.6	0	0	0	0	0	0	0	0	0	0	0	0	0	0
216.8	0	0	0	0	0	0	0	0	0	0	0	0	0	0
217	0	0	0	0	0	0	0	0	0	0	0	0	0	0
217.2	0	0	0	0	0	0	0	0	0	0	0	0	0	0
217.4	0	0	0	0	0	0	0	0	0	0	0	0	0	0
217.6	0	0	0	0	0	0	0	0	0	0	0	0	0	0
217.8	0	0	0	0	0	0	0	0	0	0	0	0	0	0
218	0	0	0	0	0	0	0	0	0	0	0	0	0	0
218.2	0	0	0	0	0	0	0	0	0	0	0	0	0	0