#1										
double z_xy(59,11)										
0	-60	-40	-20	-10	0	0.001	10	20	40	60
-20	0	0	0	0	0	0	0	0	0	0
0	0	0	0	0	0	0	0	0	0	0
150	0	0	0	0	0	0	0	0	0	0
150.2	0.1	0.1	0.1	0.1	0.1	0.1	0.1	0.1	0.1	0.1
150.4	0.1	0.1	0.1	0.1	0.1	0.1	0.1	0.1	0.1	0.1
150.6	0.1	0.1	0.1	0.1	0.1	0.1	0.1	0.1	0.1	0.1
150.8	0.1	0.1	0.1	0.1	0.1	0.1	0.1	0.1	0.1	0.1
151	0	0	0	0	0	0	0	0	0	0
151.2	0	0	0	0	0	0	0	0	0	0
151.4	0	0	0	0	0	0	0	0	0	0
151.6	0	0	0	0	0	0	0	0	0	0
151.8	0	0	0	0	0	0	0	0	0	0
152	0	0	0	0	0	0	0	0	0	0
152.2	0	0	0	0	0	0	0	0	0	0
152.4	0	0	0	0	0	0	0	0	0	0
152.6	0	0	0	0	0	0	0	0	0	0
152.8	0	0	0	0	0	0	0	0	0	0
153	0	0	0	0	0	0	0	0	0	0
153.2	0	0	0	0	0	0	0	0	0	0
153.4	0	0	0	0	0	0	0	0	0	0
153.6	0	0	0	0	0	0	0	0	0	0
153.8	0	0	0	0	0	0	0	0	0	0
154	0	0	0	0	0	0	0	0	0	0
154.2	0	0	0	0	0	0	0	0	0	0
154.4	0	0	0	0	0	0	0	0	0	0
154.6	0	0	0	0	0	0	0	0	0	0
154.8	0	0	0	0	0	0	0	0	0	0
155	0	0	0	0	0	0	0	0	0	0
175	0	0	0	0	0	0	0	0	0	0
175.2	0.1	0.1	0.1	0.1	0.1	0.1	0.1	0.1	0.1	0.1
175.4	0.1	0.1	0.1	0.1	0.1	0.1	0.1	0.1	0.1	0.1
175.6	0.1	0.1	0.1	0.1	0.1	0.1	0.1	0.1	0.1	0.1
175.8	0.1	0.1	0.1	0.1	0.1	0.1	0.1	0.1	0.1	0.1
176	0.15	0.15	0.15	0.15	0.15	0.15	0.15	0.15	0.15	0.15
176.2	0.15	0.15	0.15	0.15	0.15	0.15	0.15	0.15	0.15	0.15
176.4	0.15	0.15	0.15	0.15	0.15	0.15	0.15	0.15	0.15	0.15
176.6	0.15	0.15	0.15	0.15	0.15	0.15	0.15	0.15	0.15	0.15
176.8	0.2	0.2	0.2	0.2	0.2	0.2	0.2	0.2	0.2	0.2
177	0.2	0.2	0.2	0.2	0.2	0.2	0.2	0.2	0.2	0.2
177.2	0.2	0.2	0.2	0.2	0.2	0.2	0.2	0.2	0.2	0.2
177.4	0.2	0.2	0.2	0.2	0.2	0.2	0.2	0.2	0.2	0.2
177.6	0.1	0.1	0.1	0.1	0.1	0.1	0.1	0.1	0.1	0.1
177.8	0.1	0.1	0.1	0.1	0.1	0.1	0.1	0.1	0.1	0.1
178	0	0	0	0	0	0	0	0	0	0
178.2	0	0	0	0	0	0	0	0	0	0
178.4	0	0	0	0	0	0	0	0	0	0
178.6	0	0	0	0	0	0	0	0	0	0
178.8	0	0	0	0	0	0	0	0	0	0
179	0	0	0	0	0	0	0	0	0	0
179.2	0	0	0	0	0	0	0	0	0	0
179.4	0	0	0	0	0	0	0	0	0	0
179.6	0	0	0	0	0	0	0	0	0	0
179.8	0	0	0	0	0	0	0	0	0	0
180	0	0	0	0	0	0	0	0	0	0
190	0	0	0	0	0	0	0	0	0	0
200	0	0	0	0	0	0	0	0	0	0
210	0	0	0	0	0	0	0	0	0	0
220	0	0	0	0	0	0	0	0	0	0