#1										
double z_xy(59,11)										
0	-60	-40	-20	-10	0	0.001	10	20	40	60
-20	0	0	0	0	0	0	0	0	0	0
0	0	0	0	0	0	0	0	0	0	0
50	0	0	0	0	0	0	0	0	0	0
50.2	0.1	0.1	0.1	0.1	0.1	0.1	0.1	0.1	0.1	0.1
50.4	0.1	0.1	0.1	0.1	0.1	0.1	0.1	0.1	0.1	0.1
50.6	0.1	0.1	0.1	0.1	0.1	0.1	0.1	0.1	0.1	0.1
50.8	0.1	0.1	0.1	0.1	0.1	0.1	0.1	0.1	0.1	0.1
51	0	0	0	0	0	0	0	0	0	0
51.2	0	0	0	0	0	0	0	0	0	0
51.4	0	0	0	0	0	0	0	0	0	0
51.6	0	0	0	0	0	0	0	0	0	0
51.8	0	0	0	0	0	0	0	0	0	0
52	0	0	0	0	0	0	0	0	0	0
52.2	0	0	0	0	0	0	0	0	0	0
52.4	0	0	0	0	0	0	0	0	0	0
52.6	0	0	0	0	0	0	0	0	0	0
52.8	0	0	0	0	0	0	0	0	0	0
53	0	0	0	0	0	0	0	0	0	0
53.2	0	0	0	0	0	0	0	0	0	0
53.4	0	0	0	0	0	0	0	0	0	0
53.6	0	0	0	0	0	0	0	0	0	0
53.8	0	0	0	0	0	0	0	0	0	0
54	0	0	0	0	0	0	0	0	0	0
54.2	0	0	0	0	0	0	0	0	0	0
54.4	0	0	0	0	0	0	0	0	0	0
54.6	0	0	0	0	0	0	0	0	0	0
54.8	0	0	0	0	0	0	0	0	0	0
55	0	0	0	0	0	0	0	0	0	0
75	0	0	0	0	0	0	0	0	0	0
75.2	0.1	0.1	0.1	0.1	0.1	0.1	0.1	0.1	0.1	0.1
75.4	0.1	0.1	0.1	0.1	0.1	0.1	0.1	0.1	0.1	0.1
75.6	0.1	0.1	0.1	0.1	0.1	0.1	0.1	0.1	0.1	0.1
75.8	0.1	0.1	0.1	0.1	0.1	0.1	0.1	0.1	0.1	0.1
76	0.15	0.15	0.15	0.15	0.15	0.15	0.15	0.15	0.15	0.15
76.2	0.15	0.15	0.15	0.15	0.15	0.15	0.15	0.15	0.15	0.15
76.4	0.15	0.15	0.15	0.15	0.15	0.15	0.15	0.15	0.15	0.15
76.6	0.15	0.15	0.15	0.15	0.15	0.15	0.15	0.15	0.15	0.15
76.8	0.2	0.2	0.2	0.2	0.2	0.2	0.2	0.2	0.2	0.2
77	0.2	0.2	0.2	0.2	0.2	0.2	0.2	0.2	0.2	0.2
77.2	0.2	0.2	0.2	0.2	0.2	0.2	0.2	0.2	0.2	0.2
77.4	0.2	0.2	0.2	0.2	0.2	0.2	0.2	0.2	0.2	0.2
77.6	0.1	0.1	0.1	0.1	0.1	0.1	0.1	0.1	0.1	0.1
77.8	0.1	0.1	0.1	0.1	0.1	0.1	0.1	0.1	0.1	0.1
78	0	0	0	0	0	0	0	0	0	0
78.2	0	0	0	0	0	0	0	0	0	0
78.4	0	0	0	0	0	0	0	0	0	0
78.6	0	0	0	0	0	0	0	0	0	0
78.8	0	0	0	0	0	0	0	0	0	0
79	0	0	0	0	0	0	0	0	0	0
79.2	0	0	0	0	0	0	0	0	0	0
79.4	0	0	0	0	0	0	0	0	0	0
79.6	0	0	0	0	0	0	0	0	0	0
79.8	0	0	0	0	0	0	0	0	0	0
80	0	0	0	0	0	0	0	0	0	0
90	0	0	0	0	0	0	0	0	0	0
100	0	0	0	0	0	0	0	0	0	0
110	0	0	0	0	0	0	0	0	0	0
120	0	0	0	0	0	0	0	0	0	0