#1																								
double z_xy(71,25)																								
0	-100	-80.2	-80	-60.2	-60	-40.2	-40	-20.2	-20	-10.2	-10	0	0.2	10	10.2	20	20.2	40	40.2	60	60.2	80	80.2	100
-20	0	0	0	0	0	0	0	0	0	0	0	0	0	0	0	0	0	0	0	0	0	0	0	0
0	0	0	0	0	0	0	0	0	0	0	0	0	0	0	0	0	0	0	0	0	0	0	0	0
40	0	0	0	0	0	0	0	0	0	0	0	0	0	0	0	0	0	0	0	0	0	0	0	0
40.2	0.05	0.05	0.15	0.15	0.1	0.1	0.05	0.05	0.1	0.1	0.15	0.15	0.1	0.1	0.15	0.15	0.1	0.1	0.05	0.05	0.1	0.1	0	0
40.4	0.05	0.05	0.15	0.15	0.1	0.1	0.05	0.05	0.1	0.1	0.15	0.15	0.1	0.1	0.15	0.15	0.1	0.1	0.05	0.05	0.1	0.1	0	0
45.4	0.05	0.05	0.15	0.15	0.1	0.1	0.05	0.05	0.15	0.15	0.2	0.2	0.1	0.1	0.15	0.15	0.1	0.1	0.05	0.05	0.1	0.1	0	0
45.6	0.05	0.05	0.15	0.15	0.1	0.1	0.05	0.05	0.15	0.15	0.2	0.2	0.1	0.1	0.15	0.15	0.1	0.1	0.05	0.05	0.1	0.1	0	0
45.8	0	0	0	0	0	0	0	0	0	0	0	0	0	0	0	0	0	0	0	0	0	0	0	0
46	0	0	0	0	0	0	0	0	0	0	0	0	0	0	0	0	0	0	0	0	0	0	0	0
46.2	0	0	0	0	0	0	0	0	0	0	0	0	0	0	0	0	0	0	0	0	0	0	0	0
51.2	0	0	0	0	0	0	0	0	0	0	0	0	0	0	0	0	0	0	0	0	0	0	0	0
51.4	0	0	0	0	0	0	0	0	0	0	0	0	-0.1	-0.1	-0.05	-0.05	0	0	-0.1	-0.1	-0.15	-0.15	-0.2	-0.2
51.6	0	0	0	0	0	0	0	0	0	0	0	0	-0.1	-0.1	-0.05	-0.05	0	0	-0.1	-0.1	-0.15	-0.15	-0.2	-0.2
56.6	0	0	0	0	0	0	0	0	0	0	0	0	-0.1	-0.1	-0.05	-0.05	0	0	-0.1	-0.1	-0.15	-0.15	-0.2	-0.2
56.8	0	0	0	0	0	0	0	0	0	0	0	0	-0.1	-0.1	-0.05	-0.05	0	0	-0.1	-0.1	-0.15	-0.15	-0.2	-0.2
61.8	0	0	0	0	0	0	0	0	0	0	0	0	0	0	0	0	0	0	0	0	0	0	0	0
62	0	0	0	0	0	0	0	0	0	0	0	0	0.05	0.05	0.1	0.1	0.05	0.05	0.15	0.15	0.05	0.05	0.05	0.05
62.2	0	0	0	0	0	0	0	0	0	0	0	0	0.05	0.05	0.1	0.1	0.05	0.05	0.15	0.15	0.05	0.05	0.05	0.05
62.4	0	0	0	0	0	0	0	0	0	0	0	0	0	0	0	0	0	0	0	0	0	0	0	0
67.4	-0.05	-0.05	0.1	0.1	0.05	0.05	0.1	0.1	0.05	0.05	0.1	0.1	0	0	0	0	0	0	0	0	0	0	0	0
67.6	-0.05	-0.05	0.1	0.1	0.05	0.05	0.1	0.1	0.05	0.05	0.1	0.1	0	0	0	0	0	0	0	0	0	0	0	0
69.6	-0.05	-0.05	0.1	0.1	0.05	0.05	0.1	0.1	0.05	0.05	0.1	0.1	0	0	0	0	0	0	0	0	0	0	0	0
69.8	-0.05	-0.05	0.1	0.1	0.05	0.05	0.1	0.1	0.05	0.05	0.1	0.1	0	0	0	0	0	0	0	0	0	0	0	0
70	0	0	0	0	0	0	0	0	0	0	0	0	0	0	0	0	0	0	0	0	0	0	0	0
70.2	0	0	0	0	0	0	0	0	0	0	0	0	0	0	0	0	0	0	0	0	0	0	0	0
70.4	0	0	0	0	0	0	0	0	0	0	0	0	0	0	0	0	0	0	0	0	0	0	0	0
70.6	0	0	0	0	0	0	0	0	0	0	0	0	0	0	0	0	0	0	0	0	0	0	0	0
70.8	0	0	0	0	0	0	0	0	0	0	0	0	0	0	0	0	0	0	0	0	0	0	0	0
80.8	0	0	0	0	0	0	0	0	0	0	0	0	0	0	0	0	0	0	0	0	0	0	0	0
81	0	0	0	0	0	0	0	0	0	0	0	0	0.1	0.1	0.05	0.05	0.1	0.1	0.1	0.05	0.05	0.1	0.1	0.1
81.2	0	0	0	0	0	0	0	0	0	0	0	0	0.1	0.1	0.05	0.05	0.1	0.1	0.1	0.05	0.05	0.1	0.1	0.1
81.4	0	0	0	0	0	0	0	0	0	0	0	0	0.1	0.1	0.05	0.05	0.1	0.1	0.1	0.05	0.05	0.1	0.1	0.1
81.6	0	0	0	0	0	0	0	0	0	0	0	0	0.1	0.1	0.05	0.05	0.1	0.1	0.1	0.05	0.05	0.1	0.1	0.1
81.8	0	0	0	0	0	0	0	0	0	0	0	0	0.15	0.15	0.1	0.1	0.15	0.15	0.15	0.1	0.1	0.05	0.05	0.15
82	0	0	0	0	0	0	0	0	0	0	0	0	0.15	0.15	0.1	0.1	0.15	0.15	0.15	0.1	0.1	0.05	0.05	0.15
82.2	0	0	0	0	0	0	0	0	0	0	0	0	0.15	0.15	0.1	0.1	0.15	0.15	0.15	0.1	0.1	0.05	0.05	0.15
82.4	0	0	0	0	0	0	0	0	0	0	0	0	0.15	0.15	0.1	0.1	0.15	0.15	0.15	0.1	0.1	0.05	0.05	0.15
82.6	0	0	0	0	0	0	0	0	0	0	0	0	0.2	0.2	0.15	0.15	0.2	0.2	0.2	0.15	0.15	0.1	0.1	0.2
82.8	0	0	0	0	0	0	0	0	0	0	0	0	0.2	0.2	0.15	0.15	0.2	0.2	0.2	0.15	0.15	0.1	0.1	0.2
83	0	0	0	0	0	0	0	0	0	0	0	0	0.2	0.2	0.15	0.15	0.2	0.2	0.2	0.15	0.15	0.1	0.1	0.2
83.2	0	0	0	0	0	0	0	0	0	0	0	0	0.2	0.2	0.15	0.15	0.2	0.2	0.2	0.15	0.15	0.1	0.1	0.2
83.4	0	0	0	0	0	0	0	0	0	0	0	0	0.1	0.1	0.2	0.2	0.1	0.1	0.1	0.2	0.2	0.15	0.15	0.1
83.6	0	0	0	0	0	0	0	0	0	0	0	0	0.1	0.1	0.2	0.2	0.1	0.1	0.1	0.2	0.2	0.15	0.15	0.1
83.8	0	0	0	0	0	0	0	0	0	0	0	0	0	0	0	0	0	0	0	0	0	0	0	0
84	0	0	0	0	0	0	0	0	0	0	0	0	0	0	0	0	0	0	0	0	0	0	0	0
84.2	0	0	0	0	0	0	0	0	0	0	0	0	0	0	0	0	0	0	0	0	0	0	0	0
89.2	0	0	0	0	0	0	0	0	0	0	0	0	0	0	0	0	0	0	0	0	0	0	0	0
89.4	0.2	0.2	0.1	0.1	0.15	0.15	0.1	0.1	0.05	0.05	0.1	0.1	0	0	0	0	0	0	0	0	0	0	0	0
89.6	0.2	0.2	0.1	0.1	0.15	0.15	0.1	0.1	0.05	0.05	0.1	0.1	0	0	0	0	0	0	0	0	0	0	0	0
89.8	0	0	0	0	0	0	0	0	0	0	0	0	0	0	0	0	0	0	0	0	0	0	0	0
94.8	0	0	0	0	0	0	0	0	0	0	0	0	0	0	0	0	0	0	0	0	0	0	0	0
95	0	0	0	0	0	0	0	0	0	0	0	0	-0.05	-0.05	-0.1	-0.1	-0.15	-0.15	-0.2	-0.2	-0.05	-0.05	-0.1	-0.1
95.2	0	0	0	0	0	0	0	0	0	0	0	0	-0.05	-0.05	-0.1	-0.1	-0.15	-0.15	-0.2	-0.2	-0.05	-0.05	-0.1	-0.1
95.4	0	0	-0.2	-0.2	0	0	0	0	0	0	0	0	0	0	0	0	0	0	0	0	0	0	0	0
100.4	0	0	-0.2	-0.2	0	0	0	0	0	0	0	0	0	0	0	0	0	0	0	0	0	0	0	0
100.6	0	0	-0.2	-0.2	0	0	0	0	0	0	0	0	-0.2	-0.2	-0.15	-0.15	-0.1	-0.1	-0.05	-0.05	0	0	0.05	0.05
100.8	0	0	-0.2	-0.2	0	0	0	0	0	0	0	0	-0.2	-0.2	-0.15	-0.15	-0.1	-0.1	-0.05	-0.05	0	0	0.05	0.05
105.8	0	0	0	0	0	0	0.1	0.1	0	0	0.05	0.05	-0.2	-0.2	-0.15	-0.15	-0.1	-0.1	-0.05	-0.05	0	0	0.05	0.05
106	0	0	0	0	0	0	0.1	0.1	0	0	0.05	0.05	-0.2	-0.2	-0.15	-0.15	-0.1	-0.1	-0.05	-0.05	0	0	0.05	0.05
106.2	0	0	0	0	0	0	0.1	0.1	0	0	0.05	0.05	0	0	0	0	0	0	0	0	0	0	0	0
106.4	0	0	0	0	0	0	0.1	0.1	0	0	0.05	0.05	0	0	0	0	0	0	0	0	0	0	0	0
106.6	0	0	0	0	0	0	0	0	0	0	0	0	0	0	0.1	0.1	0.1	0.1	0	0	0	0	-0.05	-0.05
106.8	0	0	0	0	0	0	0	0	0	0	0	0	0	0	0.1	0.1	0.1	0.1	0	0	0	0	-0.05	-0.05
107	0	0	0	0	0	0	0	0	0	0	0	0	0	0	0.1	0.1	0.1	0.1	0	0	0	0	-0.05	-0.05
107.2	0	0	0	0	0	0	0	0	0	0	0	0	0	0	0.1	0.1	0.1	0.1	0	0	0	0	-0.05	-0.05
107.4	-0.1	-0.1	0	0	-0.05	-0.05	0	0	0.1	0.1	0	0	0	0	0	0	0	0	0	0	0	0	0	0
107.6	-0.1	-0.1	0	0	-0.05	-0.05	0	0	0.1	0.1	0	0	0	0	0	0	0	0	0	0	0	0	0	0
107.8	-0.1	-0.1	0	0	-0.05	-0.05	0	0	0.1	0.1	0	0	0	0	0	0	0	0	0	0	0	0	0	0
108	-0.1	-0.1	0	0	-0.05	-0.05	0	0	0.1	0.1	0	0	0	0	0	0	0	0	0	0	0	0	0	0
108.2	0	0	0	0	0	0	0	0	0	0	0	0	0	0	0	0	0	0	0	0	0	0	0	0